Comment Block
Comment Block
Comment Block
Comment Block
Comment Block
Comment Block
Comment Block
d0d8e4a3ad786f1320e3fc9c6ba1b216d6ace2e6f578569b1c52d72bd2c79e29 14 0 0 0
0f91317de022d4abca29042f90b860b814613e761be0eb8d596e62efe5b408c0 84 26 478885 155827
abe03da1292b86587348b8388c2bd98e38e208d81faa91f224e43983f9c3e7f0 11 3 81 38
8c604450b65cfd2eb8a917b99c600e302ee9a56546e3f664f311478c67fd240f 592 19 605 142
1273f0c42024978ba865185ee364ee338667956f77edc87968018132676b796a 48 16 279641 1009
3c3158a1eb8508851924e479fa2d6869b70adf50942f163153847e23d4eb02f9 20 20 4415457 1388704
7f500487981bc4bbaa5966a77c3c218ffabafa248ef227b836ad7e00f85f95bb 10 3 81 38
e37c4d24cf2a6c0c7e2516a2d15eade117a5eccc31e8cdd36744a6bab24d84a0 27 27 16285 5810
65bd6b0f1c66ec45fa245a74d5bf8550a03efc455ed662e6001da9aac087c72f 12 12 2708 707
3e634121e2a2cb2a2d3c2dfaf364aacea91d3a8a8dc7f497657b0486fed5ba17 102 0 0 0
4a9165a5e0049936914580edabdb33febbdcbdaa101249a5bc07d2a5afb3398c 4 0 0 0
c31abd9328dc859cb03cb2f063c320b176f0541d53ec95d07e6cf262692b2e71 15 0 0 0
a24bce4413d07436de952f5ed997d3d8d1a7a82965c5deee7a1067db1ed10f32 8 0 0 0
7211ec031cb28f0a5597ae1d4622edae61f019e40db96379221e1dbe2d6e2e4a 15 0 0 0
8e83911e8ebc794dfbf56997ff5dd5ac293e88011d4637be0cbdbb263ed6d79c 11 0 0 0
d296c75ed25b027ce4d2d10f8603f2b0796bb3c51eaea17633124e2f43db4fb6 13 0 0 0
e39bae4453e991023c605a0e706db3790f2ce6aaba8a7822c0bc80017e8c9f10 11 0 0 0
aa4f09190be93fc0ee3d549633a46a06954fdaf3c3a10f29c149807ce45f0f56 24 0 0 0
9cd8e4ebfced58abea029d0a0726584b335bb36d97a61281b43178ee3e59648e 14 0 0 0
0367f8d8e8df8da00798e689626d15b867214a9ad96890d0b524dd9a8b8438c6 17 0 0 0
af4c5c7a0177073f84631640ca8b58dd3c38d2d8122818c09987623a02d60a2a 1 0 0 0
4e778e0a440716bf1853f8ef76b45c35ec01500873f5da8169bb4e9d4e8c2bdd 20 0 0 0
6732ba03020fad848bb1bf4b12453fcb08af79e339405e83dac2505d694d1959 10 0 0 0
65b42ceae9e925920579af5828eb2f41dc1dc88676516c869f345529fdc8baf2 9 0 0 0
190766522c22562be3200b61f1539a2cd0f3815fa685ce47bcc33d8ffe776696 12 0 0 0
b011198aa43240f7dec9e6da5d49b9d5115999b03bbceefd137d84d1038e9f65 11 0 0 0
3cb4536b09caba5b8f9a8d035227bc6f9829eafee65a8f9d352e4300e40a70eb 8 0 0 0
0632aeafb4a54e636bbdfda9bb0874bb1c1fc4db8bb95566c0e74082c2b9aafb 1 0 0 0
c4138aefe3439709f75219cad19c1ef6574b73d25a87b107afbcaafb2568960a 12 0 0 0
5cfa9f1dc94f859c4cb6c7a84f6af04d1018870f1e3b9e7bfdec055c251ec7c9 1 0 0 0
9a765fb4ce71e435768b1685a5ff1f1ec9abfe0f77588a01cafdef5fdac0d9e2 1 1 1 0
89084c181ce5c8bbd8abd9ca6d7ba3f23345e06a667491a62df5b40bf38eb490 1 1 22 0
426a0341cc5addb2f53c376fb075e5ca91c9acb5c5ac5c25179e79ec8b0eea5e 2 2 1138 0
